20607 10929 115
20607 11712 38
20607 12278 6592
20607 18934 20992
20607 54057 472
20607 82381 49
20607 84583 74942
23033 12278 6592
23033 18934 20992
23033 82381 49
23033 84583 60971
23033 146096 13429
7261 4072 326
7261 4430 16
7261 10724 79
7261 39926 1165
7261 41194 269
7261 42585 32
7261 42813 11172
7261 55714 74
7261 57270 55
7261 81347 225
8138 3816 256
8138 11570 94
8138 11767 29
8138 11862 28
8138 42224 29
8138 42813 11244
8138 55643 52
548 65 26
548 97 26
548 188 23
548 212 31
548 244 480
548 730 34
548 863 17
548 894 68
548 963 7
548 971 28
548 1011 130
548 1149 74
548 1225 130
548 1360 39
548 1461 27
548 1526 32
548 1559 10
548 1604 102
548 1765 32
548 1824 89
548 1935 33
548 1987 22
548 2048 25
548 2077 30
548 2113 5
548 2131 41
548 2231 54
548 2315 10
548 2341 14
548 2359 44
548 2419 5
548 2454 43
548 2509 5
548 2534 8
548 2546 36
548 2625 46
548 2688 5
548 2715 35
548 2790 50
548 2891 49
548 2959 4
548 2982 53
548 3090 6
548 3099 59
548 3187 46
548 3274 41
548 3421 44
548 3496 44
548 3568 43
548 3648 6
548 3658 4
548 3685 13
548 3728 83
548 3812 4
548 4456 92
548 5189 26
548 5217 75
548 5298 26
548 5328 19
548 5352 18
548 5372 16
548 5390 35
548 5530 132
548 5732 31
548 5772 12
548 5800 79
548 5896 7
548 5950 23
548 5980 53
548 6170 47
548 6234 8
548 6295 30
548 6351 43
548 6412 38
548 6496 30
548 6534 57
548 6642 192
548 6853 34
548 6898 430
548 7333 10
548 7346 10
548 7359 13
548 7375 10
548 7527 13
548 8484 78
548 10374 228
548 10609 4
548 10625 97
548 10803 32
548 11338 86
548 11432 90
548 11527 94
548 11622 42
548 11680 32
548 11751 16
548 41146 46
548 41494 47
548 41546 8
548 41558 112
548 41678 238
548 41921 4
548 41926 23
548 41969 52
548 42027 50
548 42117 7
548 42149 28
548 42187 23
548 42257 47
548 42344 5
548 42350 10
548 42370 46
548 42434 8
548 42458 20
548 42488 50
548 42562 11
548 42617 43
548 42661 131
548 54544 42
548 54587 98
548 54718 23
548 54759 4
548 55358 117
548 55516 26
548 55548 26
548 55585 10
548 55596 45
548 55644 51
548 56121 78
548 56227 32
548 56263 103
548 56417 158
548 56585 164
548 56750 122
548 57213 57
548 57325 22
548 57356 23
548 57388 31
548 57428 21
548 57454 22
548 57483 26
548 57510 56
548 57568 24
548 57668 36
548 57726 29
548 57758 29
548 57790 8
548 57799 28
548 57841 54
548 57902 22
548 57932 19
548 57959 18
548 57988 175
548 58169 29
548 58235 22
548 58264 22
548 58319 42
548 58364 5
548 58387 29
548 58427 21
548 58469 18
548 58495 21
548 58523 22
548 58551 51
548 58664 45
548 58729 25
548 58767 36
548 58834 36
548 58877 48
548 58990 43
548 59055 37
548 59093 47
548 59166 46
548 59230 4
548 59243 55
548 59328 53
548 59426 47
548 59507 47
548 59593 4
548 59599 48
548 59691 43
548 59779 27
548 59837 51
548 59904 64
548 59988 42
548 60060 47
548 60136 40
548 60183 5
548 60209 40
548 60251 4
548 60296 37
548 60371 33
548 60415 46
548 60514 59
548 60580 47
548 60655 40
548 60718 41
548 60772 18
548 60801 47
548 67957 30
548 68015 600
548 68627 79
548 68716 30
548 68882 32
548 68937 64
548 69028 125
548 69214 13
548 76768 313
548 77477 107
548 77838 26
548 80907 183
548 81116 30
548 81147 44
548 81206 27
548 81248 30
548 81292 34
548 81330 7
548 81339 5
548 81588 68
548 82190 29
548 82222 26
548 82254 26
548 82286 27
548 82348 26
548 159559 26
548 159591 26
131920 69239 6912
131920 76622 146
118103 62269 5105
353 158 4
353 1508 7
353 2015 8
353 2028 4
353 2227 4
353 2285 22
353 2403 14
353 2497 12
353 2529 5
353 2582 16
353 2616 9
353 2671 15
353 2750 12
353 2777 13
353 2840 16
353 2885 6
353 2940 16
353 2975 7
353 3035 17
353 3158 16
353 3234 17
353 3316 19
353 3378 11
353 3465 19
353 3486 10
353 3542 4
353 3562 4
353 3611 20
353 3654 4
353 3671 7
353 3681 4
353 3698 12
353 3722 4
353 5324 4
353 5444 37
353 5763 9
353 5784 4
353 5879 17
353 5973 5
353 6033 39
353 6093 14
353 6165 5
353 6217 16
353 6325 13
353 6394 12
353 6450 18
353 6617 18
353 7540 34
353 9000 10
353 9898 13
353 9916 8
353 10055 4
353 41949 5
353 42077 18
353 42124 8
353 42210 12
353 42253 4
353 42304 13
353 42416 14
353 42573 5
353 42792 8
353 56035 38
353 56075 46
353 56367 44
353 56872 341
353 57659 5
353 58205 4
353 58229 4
353 58546 5
353 58602 14
353 58709 14
353 58803 10
353 58925 17
353 59033 12
353 59140 12
353 59162 4
353 59213 14
353 59298 14
353 59313 5
353 59381 20
353 59473 21
353 59554 17
353 59647 17
353 59734 13
353 59806 15
353 59888 16
353 60030 11
353 60107 16
353 60126 9
353 60177 6
353 60198 10
353 60255 14
353 60355 16
353 60461 17
353 60573 7
353 60627 15
353 60695 11
353 60791 4
353 60797 4
353 60848 11
353 60906 29
353 60936 1333
353 63360 4
353 67987 11
353 67999 6
353 68807 15
353 68839 43
353 68914 11
353 69155 55
353 81097 6
353 81233 5
353 82768 7
353 82874 4
637 97 26
637 219 24
637 244 8
637 559 7
637 587 69
637 661 8
637 671 9
637 682 11
637 732 5
637 863 13
637 927 35
637 994 4
637 1059 48
637 1360 41
637 1515 6
637 1708 7
637 1717 10
637 1857 5
637 2123 4
637 2153 5
637 2161 5
637 2172 5
637 2182 15
637 3768 39
637 4542 6
637 5775 9
637 6534 9
637 6642 36
637 6680 6
637 6709 53
637 6763 71
637 6853 34
637 7047 9
637 7153 9
637 7170 6
637 7182 8
637 7198 8
637 7214 6
637 7226 8
637 7238 8
637 7254 22
637 7284 8
637 7300 8
637 7316 7
637 7333 5
637 7346 6
637 7359 8
637 7375 5
637 7527 13
637 7677 4
637 7719 16
637 8484 26
637 8536 26
637 10422 48
637 10492 7
637 10625 40
637 11751 16
637 41791 8
637 42617 43
637 42661 14
637 42677 80
637 54529 12
637 55317 26
637 55548 26
637 55586 9
637 56457 40
637 56621 36
637 56785 35
637 57216 46
637 58112 51
637 58264 22
637 59936 32
637 68969 32
637 69053 25
637 76151 471
637 77072 9
637 79265 26
637 79317 25
637 79368 26
637 79412 23
637 79461 26
637 79508 26
637 79553 26
637 79605 26
637 79657 26
637 79709 26
637 79761 26
637 79813 26
637 79865 28
637 79919 25
637 79977 25
637 80035 25
637 80093 25
637 80151 25
637 80907 10
637 80923 21
637 80982 63
637 81622 34
637 83684 4
637 83696 4
637 159591 26
723 188 6
723 195 9
723 205 6
723 212 6
723 220 6
723 227 9
723 237 6
723 244 6
723 251 50
723 304 4
723 309 16
723 328 6
723 336 43
723 380 4
723 403 5
723 409 5
723 423 6
723 430 5
723 457 16
723 474 19
723 500 36
723 538 4
723 544 19
723 566 7
723 578 10
723 620 4
723 630 6
723 894 7
723 925 7
723 957 5
723 1153 18
723 1181 4
723 1187 4
723 1193 4
723 1204 14
723 1219 4
723 1229 6
723 1237 6
723 1245 22
723 1299 10
723 1528 5
723 1553 5
723 1615 40
723 1656 7
723 1665 4
723 1670 10
723 1690 8
723 1699 5
723 1827 48
723 2088 22
723 2113 5
723 2131 12
723 2149 9
723 2161 10
723 6750 11
723 6764 33
723 6809 4
723 6814 4
723 6898 158
723 7058 90
723 7152 176
723 7333 10
723 7346 10
723 7359 13
723 7375 10
723 7771 5
723 7779 6
723 7791 8
723 7850 6
723 8101 13
723 8307 6
723 8748 6
723 8792 6
723 8815 8
723 8824 8
723 8974 4
723 9006 4
723 9322 4
723 9608 5
723 9628 5
723 9643 4
723 9690 31
723 9747 8
723 9776 8
723 9785 5
723 9887 6
723 9898 11
723 9928 6
723 9938 4
723 9954 10
723 9966 6
723 9983 6
723 9991 6
723 10053 8
723 10102 6
723 10134 12
723 10176 6
723 10210 4
723 10240 4
723 10278 8
723 10352 6
723 10470 13
723 10487 4
723 10865 4
723 10920 4
723 41740 8
723 41750 6
723 41758 10
723 41778 4
723 41822 10
723 41838 11
723 41874 7
723 42623 7
723 42653 8
723 54554 32
723 54741 18
723 54763 318
723 55099 64
723 55165 54
723 55359 12
723 55475 8
723 57250 4
723 58364 6
723 58465 4
723 59579 5
723 59585 8
723 59680 5
723 77510 6
723 77736 8
723 77790 4
723 78148 7
723 80915 8
723 80924 20
723 82464 5
723 82476 5
723 82805 5
723 82874 6
723 82927 5
723 82975 5
723 83135 6
723 83207 8
723 83231 5
723 83261 7
723 83684 48
723 83810 4
723 83853 4
723 83858 4
723 83895 8
544 65 26
544 188 23
544 212 7
544 394 4
544 575 4
544 894 6
544 901 26
544 1008 51
544 1315 38
544 3728 40
544 6545 46
544 6645 5
544 6652 7
544 6666 5
544 6674 4
544 6680 29
544 7162 8
544 7176 6
544 7190 8
544 7206 8
544 7220 6
544 7234 4
544 7246 8
544 7276 8
544 7292 8
544 7308 8
544 7323 5
544 7338 5
544 7352 4
544 7367 5
544 7380 5
544 7631 6
544 7655 4
544 7672 5
544 8510 26
544 10374 48
544 10483 4
544 10499 4
544 41848 11
544 41874 4
544 41898 6
544 55516 26
544 56417 40
544 56585 36
544 56750 35
544 58061 51
544 58235 22
544 59904 32
544 68937 32
544 69028 25
544 77838 26
544 79239 26
544 79291 26
544 79342 26
544 79394 18
544 79435 26
544 79487 21
544 79534 19
544 79579 26
544 79631 26
544 79683 26
544 79735 26
544 79787 26
544 79839 26
544 79893 25
544 79951 25
544 80009 25
544 80067 25
544 80125 25
544 81588 34
544 82190 29
544 82222 26
544 82254 26
544 82286 27
544 159559 26
112278 62269 5688
539 65 26
539 97 26
539 188 23
539 212 31
539 244 440
539 863 13
539 6642 38
539 6740 4
539 6749 13
539 6763 34
539 6853 34
539 6898 256
539 7527 13
539 8484 78
539 10470 29
539 41712 78
539 41791 23
539 41817 82
539 41908 6
539 42617 43
539 42665 5
539 54529 7
539 55516 26
539 55548 26
539 77838 26
539 80907 37
539 82190 29
539 82222 26
539 82254 26
539 82286 27
539 159559 26
539 159591 26
3523 1494 11
3523 1506 244
3523 1827 48
3523 2088 139
3523 54587 494
3523 55083 156
3523 55343 140
3523 58366 21
3523 81805 143
2001 39926 1220
116313 60936 1234
2343 962 9
2343 1007 4
2343 3546 9
2343 3644 4
2343 5494 10
2343 5918 32
2343 6261 28
2343 6408 4
2343 7660 4
2343 8169 69
2343 8243 5
2343 8255 11
2343 8305 15
2343 8366 40
2343 8407 6
2343 8954 12
2343 10361 6
2343 10368 4
2343 10602 7
2343 11958 12
2343 12110 25
2343 12246 31
2343 41469 13
2343 42557 5
2343 54685 17
2343 55788 14
2343 78313 6
2343 78538 545
2343 79945 6
2343 80003 6
2343 80061 6
2343 80119 6
2343 80177 6
2343 82347 27
2343 82432 6
2343 82455 8
2343 82982 5
2343 83378 6
2343 83453 116
14023 9326 10
14023 79239 996
14023 81805 143
106599 54057 472
106599 145554 542
468 48 10
468 1590 10
468 1734 10
468 1862 11
468 1925 10
468 2329 10
468 2426 10
468 2514 10
468 2603 10
468 2695 10
468 2764 10
468 2867 10
468 2878 7
468 2965 10
468 3070 10
468 3174 10
468 3262 10
468 3343 10
468 3389 20
468 3632 10
468 3712 10
468 4410 9
468 5484 10
468 5520 10
468 5790 10
468 5905 11
468 6073 20
468 6244 10
468 6340 10
468 6473 10
468 6486 10
468 7500 6
468 7512 10
468 8424 9
468 8444 9
468 8464 9
468 8573 9
468 9214 9
468 9224 9
468 9234 9
468 41482 10
468 42097 20
468 42139 10
468 42332 10
468 42360 10
468 42444 10
468 42803 10
468 55499 10
468 56200 9
468 56575 10
468 57708 4
468 58209 20
468 58288 9
468 58644 10
468 58754 10
468 58817 10
468 58954 10
468 58970 9
468 59152 10
468 59236 7
468 59408 10
468 59497 10
468 59668 10
468 59749 30
468 59821 10
468 59968 10
468 60050 10
468 60405 10
468 60483 10
468 60645 10
468 60708 10
468 60762 10
468 60873 10
468 68005 10
468 68615 10
468 68706 10
468 68822 10
468 68927 10
468 69001 10
468 77864 10
468 79214 18
468 80185 50
468 81104 10
468 81195 10
468 81238 10
468 81281 10
468 81572 9
468 81664 10
468 82174 13
468 84572 10
468 159542 10
3833 2015 8
3833 2028 4
3833 2289 15
3833 2405 11
3833 2498 9
3833 2584 13
3833 2673 11
3833 2750 11
3833 2842 13
3833 2942 13
3833 3038 13
3833 3159 15
3833 3234 11
3833 3246 5
3833 3316 10
3833 3330 5
3833 3465 13
3833 3611 11
3833 3654 4
3833 3681 4
3833 3699 4
3833 5425 35
3833 5763 9
3833 5879 17
3833 5973 5
3833 6044 19
3833 6218 15
3833 6328 6
3833 6395 9
3833 6450 7
3833 41949 5
3833 42078 15
3833 42177 5
3833 42210 8
3833 42305 9
3833 42416 10
3833 42539 6
3833 42546 7
3833 42573 5
3833 42792 8
3833 57659 6
3833 58198 5
3833 58229 5
3833 58602 14
3833 58709 9
3833 58803 10
3833 58925 13
3833 59033 8
3833 59141 9
3833 59215 11
3833 59299 13
3833 59381 13
3833 59473 15
3833 59554 11
3833 59647 13
3833 59736 9
3833 59809 11
3833 59888 11
3833 60030 8
3833 60107 11
3833 60126 10
3833 60198 11
3833 60363 8
3833 60461 12
3833 60573 5
3833 60627 10
3833 60695 9
3833 60791 4
3833 60848 10
3833 67987 12
3833 68752 28
3833 68914 8
3833 69158 52
143 8408 5
143 10329 4
143 54587 98
143 54718 363
143 55099 64
143 55165 54
143 55227 10
143 55259 10
143 55285 21
143 55347 136
143 61916 16
143 61963 6
143 83572 4
57 188 7
57 220 7
57 252 6
57 474 6
57 508 4
57 1219 6
57 2020 5
57 7058 24
57 11781 14
57 11876 14
57 56872 341
57 60936 9
57 61377 4
57 68015 87
57 76783 4
9409 4548 640
9409 5662 70
9409 60280 16
9412 4548 640
9412 5662 70
9412 60280 16
153063 80235 672
14045 60937 8
14045 60947 10
14045 60959 5
14045 60969 8
14045 61023 23
14045 61078 6
14045 61098 19
14045 61120 53
14045 61203 5
14045 61217 4
14045 61238 9
14045 61249 5
14045 61280 53
14045 61377 50
14045 61446 19
14045 61531 13
14045 61548 5
14045 61558 12
14045 61576 9
14045 61598 17
14045 61623 8
14045 61647 11
14045 61692 6
14045 61725 4
14045 61734 4
14045 61748 8
14045 61760 23
14045 61786 4
14045 61816 4
14045 61822 5
14045 61830 14
14045 61974 43
14045 62019 28
14045 62048 4
14045 62053 6
14045 62088 5
14045 62104 10
14045 62116 9
14045 62127 6
14045 62134 17
14045 62163 4
83201 41590 88
83201 68015 569
1563 465 8
1563 474 4
1563 550 4
1563 2099 6
1563 6918 4
1563 6974 8
1563 6998 6
1563 7018 4
1563 7062 20
1563 7088 10
1563 7106 20
1563 7130 10
1563 7156 6
1563 7164 6
1563 7172 4
1563 7178 4
1563 7184 6
1563 7192 6
1563 7200 6
1563 7208 6
1563 7216 4
1563 7222 4
1563 7228 6
1563 7240 6
1563 7248 6
1563 7268 48
1563 8311 9
1563 8596 64
1563 8666 31
1563 8708 4
1563 8737 4
1563 9647 4
1563 9776 8
1563 9999 4
1563 10286 8
1563 59579 5
1563 77651 4
1563 78155 4
1563 82951 4
1563 84437 4
1563 84457 5
1563 84513 4
1928 7578 4
1928 7747 44
1928 7808 41
1928 7850 9
1928 9248 10
1928 9261 11
1928 9273 14
1928 9336 16
1928 9608 43
1928 9653 29
1928 9720 12
1928 9776 8
1928 10120 18
1928 10170 30
1928 10210 34
1928 10246 4
1928 10254 8
1928 10278 25
1928 10354 4
1928 55703 4
1928 82975 5
1928 83684 118
1928 83806 41
1928 84512 5
412 849 4
412 2099 7
412 2221 4
412 6280 4
412 8596 4
412 8604 4
412 8612 8
412 8651 4
412 8737 7
412 8766 6
412 9175 4
412 9248 24
412 9273 14
412 9682 7
412 78109 4
412 78169 5
412 78200 4
412 78291 4
412 78303 6
412 78365 12
412 83581 4
412 84398 22
412 84425 14
412 84468 5
412 84497 9
412 84540 4
412 84552 4
412 84567 5
1418 76151 471
1418 79394 93
1418 83194 4
391 6284 5
391 7798 5
391 7806 4
391 8600 4
391 8608 4
391 8620 8
391 8651 4
391 8721 7
391 8736 5
391 8776 6
391 9053 5
391 9682 5
391 10091 4
391 41691 10
391 77653 4
391 78113 4
391 78157 4
391 78295 8
391 78353 12
391 80938 6
391 83087 6
391 83858 5
391 84393 11
391 84409 22
391 84438 4
391 84498 8
391 84538 7
391 84550 6
391 84567 5
19444 79239 52
19444 79342 52
19444 79435 52
19444 79579 52
19444 79683 52
19444 79787 52
19444 79893 58
19444 80009 186
19444 80215 10
19444 83720 4
128660 67374 583
2062 764 112
2062 1142 7
2062 1968 9
2062 6107 58
2062 6271 9
2062 6834 64
2062 7574 33
2062 10803 32
2062 41541 4
2062 41546 10
2062 42107 18
2062 55269 16
2062 56331 5
2062 58449 11
2062 58487 4
2062 59236 12
2062 68746 5
2062 78353 64
2062 78883 5
2062 78891 6
2062 78905 8
2062 78915 7
2062 78952 4
2062 80944 38
2062 81581 7
1272 54529 12
1272 54702 16
1272 54741 18
1272 54763 318
1272 55083 156
1272 55475 8
1272 58373 8
1272 83318 4
351 4419 11
351 8433 11
351 8453 11
351 8473 11
351 8563 10
351 11838 8
351 11847 15
351 11943 15
351 55928 45
351 56209 18
351 56412 5
351 57348 8
351 57381 7
351 57419 9
351 57449 5
351 57476 6
351 57596 52
351 57712 4
351 57829 5
351 57924 8
351 57951 8
351 57981 7
351 58163 6
351 58297 18
351 58416 9
351 58460 4
351 58516 7
351 58624 20
351 58979 11
351 59978 9
351 60493 18
351 68832 7
351 69011 10
351 81581 7
351 81676 47
351 81724 11
351 81744 45
351 81790 13
109070 55714 211
109070 56872 341
2170 830 4
2170 876 135
2170 6680 5
2170 6744 5
2170 7154 233
2170 55982 78
2170 79017 70
2170 83614 7
8655 4072 384
8655 10724 79
8655 42585 32
8655 81347 28
12186 6261 28
12186 78538 479
12186 79083 4
2540 1011 304
2540 6534 11
2540 10803 32
2540 41494 51
2540 41546 44
2540 80982 63
251 8712 17
251 77657 15
251 77877 230
251 78214 95
251 84333 140
251 84513 4
251 84560 4
19944 10570 4
19944 10578 4
19944 10584 18
19944 10618 4
19944 56227 39
19944 56293 43
19944 56367 50
19944 57726 64
19944 57988 181
19944 58387 40
19944 58469 26
19944 58654 6
1111 554 4
1111 782 4
1111 1644 5
1111 1839 4
1111 1861 5
1111 1867 4
1111 2098 4
1111 2132 4
1111 2152 6
1111 6128 5
1111 6153 6
1111 6160 5
1111 6887 4
1111 6984 4
1111 6998 8
1111 7578 4
1111 9710 5
1111 9721 6
1111 9934 4
1111 9993 4
1111 10003 10
1111 10038 13
1111 10059 10
1111 10075 4
1111 10191 6
1111 54741 18
1111 54763 5
1111 54863 6
1111 54914 5
1111 55359 6
1111 55367 4
1111 55475 4
1111 82975 5
1111 83848 4
131929 76151 471
142 2878 7
142 8371 34
142 8407 6
142 8888 8
142 8955 8
142 8978 6
142 11958 12
142 12110 25
142 12246 31
142 18870 64
142 55259 10
142 55285 21
142 55358 125
142 79127 87
142 81097 5
142 82432 6
142 82982 5
142 83453 116
584 8002 6
584 8085 4
584 8276 6
584 8744 12
584 8815 5
584 8824 4
584 8835 4
584 9175 4
584 9324 4
584 9747 6
584 10138 4
584 10146 5
584 10920 4
584 11838 8
584 12021 89
584 12135 111
584 60125 72
584 77748 4
584 77761 4
584 83310 4
584 83593 11
584 83676 7
336 1522 4
336 2009 4
336 3358 20
336 3409 10
336 3557 5
336 4398 4
336 4446 10
336 7411 8
336 7444 4
336 9187 6
336 11303 4
336 11316 6
336 11323 6
336 11424 6
336 11664 16
336 41954 4
336 41965 4
336 42021 4
336 59575 18
336 60188 8
336 60271 9
336 68800 7
336 69227 4
336 78353 60
336 79232 7
14587 7676 5
14587 56227 39
14587 79291 103
14587 79735 104
14587 79951 116
14587 80125 58
175 3081 4
175 7687 4
175 57896 6
175 60885 6
175 60893 5
175 60900 4
175 61953 7
175 78277 32
175 84441 23
175 84513 4
175 84560 4
5 213 4
5 245 4
5 356 12
5 463 10
5 528 4
5 1185 4
5 1249 6
5 3953 5
5 7012 10
5 7126 14
5 10258 4
5 61715 6
5 61873 6
5 61963 6
5 76791 5
1503 5800 118
1503 5980 127
1503 42351 24
1503 42490 72
1503 81292 55
131924 77081 396
15247 8008 9
15247 8424 20
15247 8510 74
15247 9214 30
15247 9790 4
15247 9798 4
15247 10254 4
15247 11834 12
15247 11847 46
15247 11894 64
15247 11974 47
15247 82185 5
15247 82217 4
15247 82254 26
15247 83666 4
7166 7672 4
7166 9224 20
7166 79631 208
7166 80067 116
7166 80205 20
7166 83752 10
14579 7672 4
14579 9224 20
14579 79631 208
14579 80067 116
14579 80205 20
14579 83752 10
15906 10929 329
15906 41091 55
981 856 7
981 7415 4
981 7667 5
981 7676 5
981 7808 13
981 8067 4
981 8348 7
981 8573 10
981 8660 33
981 9609 4
981 10017 4
981 10091 4
981 10098 4
981 10240 4
981 41888 4
981 79534 45
981 80195 10
981 80538 4
981 80597 4
981 80643 4
981 81921 25
2443 4579 12
2443 5896 7
2443 11700 4
2443 42430 14
2443 54863 51
2443 55036 28
2443 55139 5
2443 55145 5
2443 55172 4
2443 55177 22
2443 55206 8
2443 60184 4
2443 60255 12
2443 60324 9
212 7761 4
212 10172 4
212 10354 4
212 12145 4
212 56009 4
212 57896 6
212 58366 4
212 83572 4
212 84159 21
13 206 5
13 238 5
13 328 8
13 411 5
13 486 4
13 520 4
13 550 8
13 1241 6
13 3943 5
13 6657 5
13 6724 4
13 6974 8
13 7102 24
13 41534 7
13 41582 4
13 41752 4
1905 684 40
1905 730 34
1905 6686 54
1905 6797 37
1905 41678 34
1905 41899 4
1905 42660 5
1905 57213 57
1905 63364 15
1905 78417 5
1905 80887 20
1905 80982 33
1905 82689 5
9769 8348 7
9769 8359 4
9769 8791 9
9769 8810 4
9769 8815 4
9769 8930 7
9769 9139 4
9769 9150 4
9769 9260 5
9769 9276 6
9769 9637 4
9769 9817 5
9769 9840 4
9769 10125 9
9769 10138 8
9769 10154 4
9769 10254 4
9769 10274 4
9769 10286 8
9769 10310 9
9769 10320 4
9769 10350 4
9769 11838 8
9769 77731 5
9769 83104 4
9769 83110 5
9769 83581 5
9769 83604 5
9769 83610 4
9769 83654 4
9769 84126 6
9769 84147 6
9769 84168 6
9769 84206 7
9769 84564 8
31 196 4
31 228 4
31 270 10
31 512 4
31 599 4
31 6918 10
31 7082 16
31 54735 4
31 68373 157
31 76796 5
176 200 4
176 232 4
176 292 12
176 516 4
176 1237 4
176 3968 6
176 6942 4
176 7098 4
176 53998 8
176 76787 4
1636 532 4
1636 786 4
1636 792 11
1636 805 9
1636 821 4
1636 847 4
1636 1648 4
1636 1827 6
1636 2114 4
1636 2178 4
1636 6112 6
1636 6902 4
1636 6910 4
1636 6922 4
1636 6940 4
1636 6948 12
1636 6968 6
1636 6988 6
1636 7006 12
1636 7044 5
1636 7080 4
1636 7100 4
1636 7124 4
1636 10055 4
1636 55276 7
1636 58366 4
1636 58456 4
218 1827 4
218 2166 4
218 10270 4
218 54689 4
218 78149 6
218 83178 4
218 83645 4
218 84437 4
1058 554 4
1058 2094 8
1058 6900 4
1058 6908 4
1058 6932 4
1058 6952 4
1058 6962 8
1058 6984 8
1058 6994 14
1058 7032 6
1058 7080 4
1058 7100 4
1058 7124 4
1058 7475 4
1058 9991 6
1058 10877 4
1058 54554 4
1058 57896 4
14808 7833 11
14808 8824 8
14808 8868 4
14808 8924 6
14808 8974 4
14808 9175 4
14808 9265 7
14808 9321 7
14808 9739 4
14808 10118 7
14808 10254 4
14808 11296 6
14808 78136 4
14808 82473 4
14808 82764 4
14808 83586 6
14808 83595 8
14808 83806 4
14808 83818 14
14808 84120 6
14808 84141 6
14808 84162 6
14808 84524 4
14808 84556 4
82647 41194 300
1369 7926 8
1369 7954 11
1369 7971 6
1369 7983 4
1369 7993 6
1369 8077 6
1369 8085 8
1369 9637 4
1369 9690 8
1369 9989 8
1369 10013 8
1369 10045 6
1369 10065 4
1369 10232 8
1369 11258 4
1369 76900 7
1369 84393 44
1369 84492 14
1369 84540 16
69 380 4
69 6900 6
69 55714 211
69 68102 56
146948 76782 286
2316 8713 7
2316 8737 4
2316 77680 8
2316 77794 8
2316 78193 4
2316 78199 5
2316 78285 14
2316 83087 5
2316 84393 27
2316 84422 9
2316 84433 7
2316 84494 5
2316 84500 6
2316 84543 5
2316 84549 8
11080 55243 16
11080 159622 240
17979 9352 256
17975 9352 256
1057 1299 4
1057 6750 11
1057 7148 4
1057 78281 8
1057 80249 54
1057 80369 4
1057 80431 23
1057 84393 4
1057 84398 4
1057 84403 5
1057 84409 4
1057 84414 5
1057 84420 4
1057 84425 5
1057 84431 4
1057 84492 14
1057 84540 4
1057 84548 4
2314 8736 8
2314 77672 8
2314 77790 4
2314 78159 4
2314 78277 8
2314 78299 8
2314 84395 9
2314 84406 32
2314 84463 5
2314 84499 7
2314 84544 6
2314 84551 5
14 1 4
14 2878 7
14 7989 10
14 8002 4
14 8085 4
14 8101 8
14 8372 4
14 10059 10
14 78180 6
14 81955 27
14 82093 28
14 82122 14
14 82137 14
14 83497 6
150024 78538 246
1148 578 4
1148 584 4
1148 1167 4
1148 6765 5
1148 7850 6
1148 9006 4
1148 9608 5
1148 10240 4
1148 10920 4
1148 11712 38
1148 41742 6
1148 41750 4
1148 41764 4
1148 41778 4
1148 41838 10
1148 41877 4
1148 78937 11
7765 3568 160
7765 42344 31
7765 42458 32
7765 59759 20
222 2878 7
222 9130 6
222 10322 4
222 61918 4
222 80303 8
222 83649 5
21546 11424 4
21546 11431 96
21546 11751 16
21546 11974 47
21546 55584 59
21546 76768 14
21546 77076 5
4096 54763 100
4096 55008 28
4096 55227 10
139 6139 8
139 7850 6
139 8644 4
139 8678 6
139 9608 5
139 10090 5
139 11323 5
139 55259 10
139 55285 21
139 78152 7
139 82042 50
139 84445 6
5534 8613 7
5534 8621 7
5534 8629 7
5534 8637 7
5534 8645 15
5534 8704 8
5534 9186 7
5534 9194 4
5534 9206 4
5534 9244 7
5534 10205 5
5534 83298 4
5534 83306 4
5534 83324 4
5534 83704 8
5534 83724 8
5534 83744 8
5534 83786 16
5534 83814 4
1096 3399 10
1096 8792 4
1096 8815 4
1096 10138 8
1096 10350 4
1096 10869 4
1096 10924 4
1096 55269 6
1096 55276 6
1096 77714 6
1096 78107 15
1096 78144 4
1096 80631 4
1096 83858 5
1096 84473 4
1096 84556 4
1096 84564 4
1367 423 4
1367 1177 4
1367 1199 4
1367 1261 4
1367 1299 4
1367 6770 27
1367 9643 4
1367 80925 12
1367 80938 6
1367 83863 4
475 56026 5
475 80311 14
475 83628 6
20846 11044 214
154530 81375 213
154534 81375 213
2391 1165 8
2391 61279 54
2391 61830 10
2391 62054 4
2391 76804 12
7255 3357 205
2279 9251 21
2279 9282 5
2279 9628 5
2279 9674 4
2279 9710 4
2279 83845 9
4058 54914 72
4058 55064 7
4058 55101 6
4058 55159 4
4058 55165 4
4058 60251 4
4058 81836 20
15579 8584 128
15579 77651 6
15579 78155 4
15579 84492 16
15579 84540 16
